220	11	7	906	553	353
220	11	8	649	635	14
220	11	9	756	765	0
220	11	10	818	624	194
220	11	11	633	724	0
220	11	12	746	520	226
220	11	13	838	643	195
220	11	14	719	569	150
220	11	15	739	722	17
220	11	16	819	832	0
220	11	17	709	715	0
220	11	18	679	649	30
220	11	19	553	770	0
220	11	20	881	693	188
220	11	21	1298	776	522
220	11	22	903	992	0
220	70	7	393	222	171
220	70	8	361	236	125
220	70	9	335	346	0
220	70	10	450	380	70
220	70	11	300	274	26
220	70	12	319	390	0
220	70	13	310	340	0
220	70	14	308	334	0
220	70	15	411	317	94
220	70	16	292	314	0
220	70	17	414	361	53
220	70	18	316	399	0
220	70	19	489	507	0
220	70	20	408	366	42
220	70	21	660	620	40
220	70	22	615	698	0
332	6	7	612	407	205
332	6	8	552	565	0
332	6	9	551	380	171
332	6	10	494	372	122
332	6	11	651	421	230
332	6	12	587	405	182
332	6	13	415	527	0
332	6	14	627	421	206
332	6	15	500	348	152
332	6	16	567	380	187
332	6	17	485	501	0
332	6	18	524	393	131
332	6	19	368	342	26
332	6	20	444	917	0
332	6	21	527	601	0
332	6	22	794	502	292
1902	5	7	1236	972	264
1902	5	8	607	672	0
1902	5	9	544	562	0
1902	5	10	572	620	0
1902	5	11	744	557	187
1902	5	12	697	584	113
1902	5	13	666	507	159
1902	5	14	552	682	0
1902	5	15	729	689	40
1902	5	16	718	680	38
1902	5	17	555	549	6
1902	5	18	753	495	258
1902	5	19	602	496	106
1902	5	20	518	611	0
1902	5	21	1018	867	151
1902	5	22	1037	974	63
2620	63	7	444	485	0
2620	63	8	485	343	142
2620	63	9	375	416	0
2620	63	10	648	462	186
2620	63	11	504	518	0
2620	63	12	629	536	93
2620	63	13	538	446	92
2620	63	14	650	641	9
2620	63	15	689	606	83
2620	63	16	572	486	86
2620	63	17	464	470	0
2620	63	18	623	587	36
2620	63	19	549	584	0
2620	63	20	585	637	0
2620	63	21	583	491	92
2620	63	22	1023	972	51
2871	81	7	1275	1184	91
2871	81	8	804	859	0
2871	81	9	875	879	0
2871	81	10	955	913	42
2871	81	11	882	765	117
2871	81	12	869	900	0
2871	81	13	796	842	0
2871	81	14	942	812	130
2871	81	15	860	813	47
2871	81	16	807	878	0
2871	81	17	908	897	11
2871	81	18	775	814	0
2871	81	19	760	755	5
2871	81	20	1161	1002	159
2871	81	21	896	706	190
2871	81	22	1092	964	128
2871	121	7	765	858	0
2871	121	8	746	916	0
2871	121	9	808	734	74
2871	121	10	1013	868	145
2871	121	11	825	717	108
2871	121	12	901	608	293
2871	121	13	664	879	0
2871	121	14	834	828	6
2871	121	15	676	945	0
2871	121	16	846	747	99
2871	121	17	972	907	65
2871	121	18	963	920	43
2871	121	19	831	894	0
2871	121	20	1297	1044	253
2871	121	21	1068	843	225
2871	121	22	848	1298	0
89	6	7	534	577	0
89	6	8	551	380	171
89	6	9	492	598	0
89	6	10	524	611	0
89	6	11	566	426	140
89	6	12	563	419	144
89	6	13	449	584	0
89	6	14	569	432	137
89	6	15	414	430	0
89	6	16	573	387	186
89	6	17	627	522	105
89	6	18	678	580	98
89	6	19	481	518	0
89	6	20	874	704	170
89	6	21	728	602	126
89	6	22	537	591	0
89	19	7	579	375	204
89	19	8	258	213	45
89	19	9	180	213	0
89	19	10	290	190	100
89	19	11	329	240	89
89	19	12	279	164	115
89	19	13	260	287	0
89	19	14	199	301	0
89	19	15	243	281	0
89	19	16	209	272	0
89	19	17	307	231	76
89	19	18	226	286	0
89	19	19	203	246	0
89	19	20	702	446	256
89	19	21	521	445	76
89	19	22	507	264	243
89	27	7	330	173	157
89	27	8	330	172	158
89	27	9	225	207	18
89	27	10	243	244	0
89	27	11	204	202	2
89	27	12	281	184	97
89	27	13	330	251	79
89	27	14	213	189	24
89	27	15	277	169	108
89	27	16	208	190	18
89	27	17	306	208	98
89	27	18	330	292	38
89	27	19	271	227	44
89	27	20	437	232	205
89	27	21	322	230	92
89	27	22	552	336	216
89	45	7	668	484	184
89	45	8	617	613	4
89	45	9	400	420	0
89	45	10	452	447	5
89	45	11	468	431	37
89	45	12	473	419	54
89	45	13	468	412	56
89	45	14	400	417	0
89	45	15	472	419	53
89	45	16	416	413	3
89	45	17	406	407	0
89	45	18	417	406	11
89	45	19	418	415	3
89	45	20	618	616	2
89	45	21	567	912	0
89	45	22	1008	567	441
1509	42	7	725	605	120
1509	42	8	719	759	0
1509	42	9	779	608	171
1509	42	10	751	599	152
1509	42	11	573	718	0
1509	42	12	800	528	272
1509	42	13	807	535	272
1509	42	14	792	500	292
1509	42	15	537	713	0
1509	42	16	636	723	0
1509	42	17	789	616	173
1509	42	18	545	683	0
1509	42	19	722	727	0
1509	42	20	1295	1162	133
1509	42	21	1270	1195	75
1509	42	22	757	747	10
1509	132	7	1209	983	226
1509	132	8	434	440	0
1509	132	9	440	452	0
1509	132	10	423	395	28
1509	132	11	361	464	0
1509	132	12	487	426	61
1509	132	13	369	421	0
1509	132	14	403	444	0
1509	132	15	438	450	0
1509	132	16	391	452	0
1509	132	17	414	392	22
1509	132	18	454	333	121
1509	132	19	369	465	0
1509	132	20	1254	988	266
1509	132	21	973	663	310
1509	132	22	1157	987	170
1509	137	7	1079	701	378
1509	137	8	927	727	200
1509	137	9	907	900	7
1509	137	10	1062	925	137
1509	137	11	690	874	0
1509	137	12	805	940	0
1509	137	13	656	787	0
1509	137	14	708	912	0
1509	137	15	967	727	240
1509	137	16	744	896	0
1509	137	17	976	839	137
1509	137	18	872	856	16
1509	137	19	888	864	24
1509	137	20	1752	1370	382
1509	137	21	910	884	26
1509	137	22	1466	1578	0
1086	106	7	519	711	0
1086	106	8	557	511	46
1086	106	9	741	470	271
1086	106	10	678	501	177
1086	106	11	587	682	0
1086	106	12	691	503	188
1086	106	13	730	490	240
1086	106	14	591	758	0
1086	106	15	568	446	122
1086	106	16	731	530	201
1086	106	17	845	733	112
1086	106	18	798	510	288
1086	106	19	779	780	0
1086	106	20	1348	773	575
1086	106	21	1148	968	180
1086	106	22	956	970	0
2797	76	7	996	1117	0
2797	76	8	855	810	45
2797	76	9	855	810	45
2797	76	10	855	810	45
2797	76	11	855	810	45
2797	76	12	855	810	45
2797	76	13	855	810	45
2797	76	14	855	810	45
2797	76	15	855	810	45
2797	76	16	855	810	45
2797	76	17	855	810	45
2797	76	18	855	810	45
2797	76	19	855	810	45
2797	76	20	855	810	45
2797	76	21	1221	1177	44
2797	76	22	1555	1417	138
2797	116	7	717	604	113
2797	116	8	666	581	85
2797	116	9	749	729	20
2797	116	10	583	713	0
2797	116	11	699	717	0
2797	116	12	710	542	168
2797	116	13	755	674	81
2797	116	14	680	729	0
2797	116	15	610	689	0
2797	116	16	574	585	0
2797	116	17	743	714	29
2797	116	18	703	658	45
2797	116	19	788	1178	0
2797	116	20	1122	1111	11
2797	116	21	987	770	217
2797	116	22	1263	769	494
1207	4	7	887	578	309
1207	4	8	500	554	0
1207	4	9	708	472	236
1207	4	10	638	547	91
1207	4	11	756	589	167
1207	4	12	736	554	182
1207	4	13	784	586	198
1207	4	14	750	599	151
1207	4	15	794	585	209
1207	4	16	790	682	108
1207	4	17	750	597	153
1207	4	18	754	736	18
1207	4	19	691	684	7
1207	4	20	922	770	152
1207	4	21	487	518	0
1207	4	22	946	471	475
2629	55	7	694	489	205
2629	55	8	632	531	101
2629	55	9	705	506	199
2629	55	10	514	591	0
2629	55	11	710	699	11
2629	55	12	596	624	0
2629	55	13	698	627	71
2629	55	14	722	658	64
2629	55	15	521	581	0
2629	55	16	532	570	0
2629	55	17	557	627	0
2629	55	18	690	517	173
2629	55	19	563	657	0
2629	55	20	1067	791	276
2629	55	21	1015	857	158
2629	55	22	873	949	0
2629	65	7	1198	788	410
2629	65	8	914	948	0
2629	65	9	809	776	33
2629	65	10	796	726	70
2629	65	11	757	854	0
2629	65	12	858	738	120
2629	65	13	834	683	151
2629	65	14	874	652	222
2629	65	15	777	690	87
2629	65	16	921	774	147
2629	65	17	882	790	92
2629	65	18	734	694	40
2629	65	19	704	791	0
2629	65	20	725	1211	0
2629	65	21	1130	960	170
2629	65	22	755	974	0
5486	71	7	697	824	0
5486	71	8	715	643	72
5486	71	9	623	748	0
5486	71	10	850	769	81
5486	71	11	599	695	0
5486	71	12	701	785	0
5486	71	13	672	817	0
5486	71	14	737	676	61
5486	71	15	722	580	142
5486	71	16	642	552	90
5486	71	17	760	769	0
5486	71	18	752	670	82
5486	71	19	580	544	36
5486	71	20	808	980	0
5486	71	21	1042	716	326
5486	71	22	1114	1063	51
1608	67	7	789	536	253
1608	67	8	513	604	0
1608	67	9	531	546	0
1608	67	10	626	541	85
1608	67	11	514	521	0
1608	67	12	672	623	49
1608	67	13	557	617	0
1608	67	14	693	528	165
1608	67	15	640	685	0
1608	67	16	724	532	192
1608	67	17	563	667	0
1608	67	18	518	692	0
1608	67	19	744	605	139
1608	67	20	1033	943	90
1608	67	21	634	718	0
1608	67	22	648	748	0
2434	47	7	895	804	91
2434	47	8	786	657	129
2434	47	9	698	800	0
2434	47	10	723	790	0
2434	47	11	877	789	88
2434	47	12	773	794	0
2434	47	13	737	601	136
2434	47	14	662	802	0
2434	47	15	704	555	149
2434	47	16	700	739	0
2434	47	17	692	561	131
2434	47	18	693	647	46
2434	47	19	619	758	0
2434	47	20	940	918	22
2434	47	21	1176	777	399
2434	47	22	1003	625	378
2434	247	7	1663	1829	0
2434	247	8	1478	1568	0
2434	247	9	1627	1342	285
2434	247	10	1689	1208	481
2434	247	11	1464	1586	0
2434	247	12	1718	1594	124
2434	247	13	1558	1255	303
2434	247	14	1470	1433	37
2434	247	15	1673	1395	278
2434	247	16	1657	1546	111
2434	247	17	1261	1280	0
2434	247	18	1421	1388	33
2434	247	19	1370	1370	0
2434	247	20	1697	1425	272
2434	247	21	1364	1387	0
2434	247	22	1657	1548	109
438	51	7	876	725	151
438	51	8	845	648	197
438	51	9	608	755	0
438	51	10	618	560	58
438	51	11	596	652	0
438	51	12	518	727	0
438	51	13	701	569	132
438	51	14	587	617	0
438	51	15	616	532	84
438	51	16	558	539	19
438	51	17	511	436	75
438	51	18	600	468	132
438	51	19	599	569	30
438	51	20	747	611	136
438	51	21	673	722	0
438	51	22	833	735	98
2387	44	7	849	463	386
2387	44	8	640	617	23
2387	44	9	673	498	175
2387	44	10	594	434	160
2387	44	11	522	574	0
2387	44	12	534	509	25
2387	44	13	640	526	114
2387	44	14	637	503	134
2387	44	15	670	496	174
2387	44	16	475	602	0
2387	44	17	552	547	5
2387	44	18	554	447	107
2387	44	19	648	521	127
2387	44	20	827	870	0
2387	44	21	630	786	0
2387	44	22	1006	880	126
2387	133	7	508	479	29
2387	133	8	451	407	44
2387	133	9	487	400	87
2387	133	10	449	376	73
2387	133	11	495	395	100
2387	133	12	450	319	131
2387	133	13	309	399	0
2387	133	14	471	448	23
2387	133	15	314	472	0
2387	133	16	408	473	0
2387	133	17	398	374	24
2387	133	18	319	271	48
2387	133	19	306	341	0
2387	133	20	450	486	0
2387	133	21	619	478	141
2387	133	22	727	726	1
58	7	7	978	611	367
58	7	8	585	679	0
58	7	9	618	655	0
58	7	10	667	620	47
58	7	11	629	589	40
58	7	12	630	648	0
58	7	13	587	643	0
58	7	14	716	568	148
58	7	15	598	677	0
58	7	16	609	677	0
58	7	17	621	587	34
58	7	18	613	573	40
58	7	19	615	606	9
58	7	20	653	580	73
58	7	21	638	641	0
58	7	22	797	735	62
58	16	7	877	544	333
58	16	8	662	687	0
58	16	9	529	567	0
58	16	10	519	579	0
58	16	11	725	562	163
58	16	12	666	687	0
58	16	13	561	625	0
58	16	14	636	578	58
58	16	15	619	557	62
58	16	16	693	614	79
58	16	17	693	640	53
58	16	18	563	601	0
58	16	19	671	639	32
58	16	20	1237	1033	204
58	16	21	784	1033	0
58	16	22	922	1166	0
58	40	7	1063	977	86
58	40	8	604	622	0
58	40	9	542	669	0
58	40	10	589	698	0
58	40	11	718	510	208
58	40	12	521	663	0
58	40	13	696	571	125
58	40	14	626	537	89
58	40	15	623	684	0
58	40	16	525	547	0
58	40	17	731	686	45
58	40	18	733	568	165
58	40	19	523	542	0
58	40	20	685	625	60
58	40	21	536	617	0
58	40	22	947	941	6
58	147	7	573	450	123
58	147	8	318	399	0
58	147	9	316	404	0
58	147	10	449	413	36
58	147	11	380	362	18
58	147	12	374	342	32
58	147	13	421	308	113
58	147	14	433	397	36
58	147	15	286	379	0
58	147	16	413	307	106
58	147	17	450	271	179
58	147	18	352	358	0
58	147	19	369	338	31
58	147	20	615	649	0
58	147	21	466	604	0
58	147	22	649	578	71
568	64	7	615	769	0
568	64	8	672	645	27
568	64	9	813	605	208
568	64	10	572	534	38
568	64	11	517	523	0
568	64	12	533	495	38
568	64	13	640	584	56
568	64	14	591	573	18
568	64	15	600	664	0
568	64	16	605	638	0
568	64	17	657	571	86
568	64	18	589	572	17
568	64	19	595	637	0
568	64	20	1460	981	479
568	64	21	635	786	0
568	64	22	1238	742	496
3774	172	7	984	905	79
3774	172	8	821	761	60
3774	172	9	943	918	25
3774	172	10	957	816	141
3774	172	11	901	832	69
3774	172	12	904	932	0
3774	172	13	856	918	0
3774	172	14	955	944	11
3774	172	15	885	826	59
3774	172	16	953	857	96
3774	172	17	887	848	39
3774	172	18	947	893	54
3774	172	19	937	861	76
3774	172	20	1518	1124	394
3774	172	21	1541	958	583
3774	172	22	993	842	151
1479	138	7	876	552	324
1479	138	8	923	650	273
1479	138	9	902	809	93
1479	138	10	790	731	59
1479	138	11	608	545	63
1479	138	12	847	749	98
1479	138	13	897	808	89
1479	138	14	622	846	0
1479	138	15	709	575	134
1479	138	16	751	661	90
1479	138	17	632	673	0
1479	138	18	747	589	158
1479	138	19	807	835	0
1479	138	20	961	799	162
1479	138	21	1135	867	268
1479	138	22	1128	673	455
4333	25	7	504	282	222
4333	25	8	450	342	108
4333	25	9	533	336	197
4333	25	10	564	334	230
4333	25	11	588	352	236
4333	25	12	542	473	69
4333	25	13	419	337	82
4333	25	14	550	448	102
4333	25	15	576	529	47
4333	25	16	432	516	0
4333	25	17	480	368	112
4333	25	18	457	500	0
4333	25	19	378	418	0
4333	25	20	621	463	158
4333	25	21	1097	761	336
4333	25	22	726	600	126
4333	39	7	634	555	79
4333	39	8	613	411	202
4333	39	9	546	575	0
4333	39	10	475	395	80
4333	39	11	480	525	0
4333	39	12	640	542	98
4333	39	13	450	517	0
4333	39	14	476	475	1
4333	39	15	642	415	227
4333	39	16	490	483	7
4333	39	17	579	458	121
4333	39	18	596	434	162
4333	39	19	502	576	0
4333	39	20	538	429	109
4333	39	21	579	587	0
4333	39	22	581	600	0
5036	8	7	715	524	191
5036	8	8	667	637	30
5036	8	9	515	576	0
5036	8	10	551	565	0
5036	8	11	711	611	100
5036	8	12	721	582	139
5036	8	13	625	688	0
5036	8	14	702	644	58
5036	8	15	717	625	92
5036	8	16	737	546	191
5036	8	17	584	657	0
5036	8	18	646	658	0
5036	8	19	687	785	0
5036	8	20	961	925	36
5036	8	21	898	710	188
5036	8	22	720	866	0
5036	19	7	294	439	0
5036	19	8	211	186	25
5036	19	9	232	274	0
5036	19	10	212	284	0
5036	19	11	261	211	50
5036	19	12	283	231	52
5036	19	13	312	225	87
5036	19	14	235	284	0
5036	19	15	195	238	0
5036	19	16	171	177	0
5036	19	17	303	260	43
5036	19	18	309	163	146
5036	19	19	272	201	71
5036	19	20	478	386	92
5036	19	21	487	761	0
5036	19	22	332	235	97
5036	45	7	658	506	152
5036	45	8	728	447	281
5036	45	9	482	426	56
5036	45	10	400	440	0
5036	45	11	451	450	1
5036	45	12	412	433	0
5036	45	13	443	391	52
5036	45	14	433	416	17
5036	45	15	436	405	31
5036	45	16	480	447	33
5036	45	17	482	405	77
5036	45	18	477	402	75
5036	45	19	452	432	20
5036	45	20	651	515	136
5036	45	21	978	572	406
5036	45	22	773	564	209
5036	47	7	608	782	0
5036	47	8	798	669	129
5036	47	9	804	730	74
5036	47	10	827	807	20
5036	47	11	588	760	0
5036	47	12	714	717	0
5036	47	13	835	663	172
5036	47	14	715	824	0
5036	47	15	739	743	0
5036	47	16	650	581	69
5036	47	17	775	682	93
5036	47	18	790	622	168
5036	47	19	901	745	156
5036	47	20	681	1034	0
5036	47	21	742	1053	0
5036	47	22	950	1038	0
5036	59	7	880	589	291
5036	59	8	805	580	225
5036	59	9	682	656	26
5036	59	10	629	583	46
5036	59	11	632	620	12
5036	59	12	597	637	0
5036	59	13	671	631	40
5036	59	14	595	577	18
5036	59	15	648	565	83
5036	59	16	694	663	31
5036	59	17	653	604	49
5036	59	18	573	790	0
5036	59	19	848	624	224
5036	59	20	1008	785	223
5036	59	21	1068	801	267
5036	59	22	1188	611	577
5036	85	7	545	401	144
5036	85	8	424	534	0
5036	85	9	610	463	147
5036	85	10	614	544	70
5036	85	11	358	523	0
5036	85	12	349	357	0
5036	85	13	360	435	0
5036	85	14	442	567	0
5036	85	15	553	375	178
5036	85	16	402	409	0
5036	85	17	601	538	63
5036	85	18	597	580	17
5036	85	19	416	400	16
5036	85	20	750	579	171
5036	85	21	724	587	137
5036	85	22	571	643	0
5036	86	7	789	732	57
5036	86	8	728	543	185
5036	86	9	785	557	228
5036	86	10	692	683	9
5036	86	11	739	663	76
5036	86	12	744	699	45
5036	86	13	696	718	0
5036	86	14	759	702	57
5036	86	15	692	649	43
5036	86	16	732	707	25
5036	86	17	770	739	31
5036	86	18	665	798	0
5036	86	19	827	729	98
5036	86	20	1222	1023	199
5036	86	21	697	1166	0
5036	86	22	900	926	0
5036	247	7	2186	1508	678
5036	247	8	1291	1448	0
5036	247	9	1747	1515	232
5036	247	10	1709	1221	488
5036	247	11	1712	1233	479
5036	247	12	1662	1212	450
5036	247	13	1593	1220	373
5036	247	14	1410	1323	87
5036	247	15	1716	1422	294
5036	247	16	1620	1514	106
5036	247	17	1577	1482	95
5036	247	18	1394	1596	0
5036	247	19	1518	1531	0
5036	247	20	1649	1197	452
5036	247	21	1324	1492	0
5036	247	22	1380	1367	13
3549	101	7	1101	927	174
3549	101	8	1146	1055	91
3549	101	9	838	790	48
3549	101	10	1183	1133	50
3549	101	11	1250	1028	222
3549	101	12	880	868	12
3549	101	13	1183	1077	106
3549	101	14	1153	1060	93
3549	101	15	945	788	157
3549	101	16	1239	1097	142
3549	101	17	1209	1048	161
3549	101	18	836	868	0
3549	101	19	1161	1165	0
3549	101	20	1209	1136	73
3549	101	21	898	899	0
3549	101	22	1150	1060	90
5365	66	7	665	711	0
5365	66	8	703	648	55
5365	66	9	1090	932	158
5365	66	10	477	592	0
5365	66	11	466	501	0
5365	66	12	507	648	0
5365	66	13	655	604	51
5365	66	14	698	547	151
5365	66	15	529	435	94
5365	66	16	705	443	262
5365	66	17	601	596	5
5365	66	18	676	638	38
5365	66	19	507	622	0
5365	66	20	1072	618	454
5365	66	21	1272	911	361
5365	66	22	1036	745	291
5365	124	7	475	499	0
5365	124	8	468	445	23
5365	124	9	513	463	50
5365	124	10	520	446	74
5365	124	11	489	432	57
5365	124	12	456	468	0
5365	124	13	456	499	0
5365	124	14	515	496	19
5365	124	15	523	452	71
5365	124	16	515	451	64
5365	124	17	514	485	29
5365	124	18	457	452	5
5365	124	19	515	485	30
5365	124	20	520	462	58
5365	124	21	533	547	0
5365	124	22	830	779	51
5390	112	7	1047	1337	0
5390	112	8	1015	835	180
5390	112	9	879	716	163
5390	112	10	1014	981	33
5390	112	11	895	716	179
5390	112	12	919	772	147
5390	112	13	957	984	0
5390	112	14	1026	757	269
5390	112	15	799	748	51
5390	112	16	1005	825	180
5390	112	17	828	938	0
5390	112	18	1035	823	212
5390	112	19	846	861	0
5390	112	20	1034	1440	0
5390	112	21	933	1401	0
5390	112	22	1113	1075	38
5390	114	7	660	638	22
5390	114	8	485	601	0
5390	114	9	745	751	0
5390	114	10	688	598	90
5390	114	11	632	762	0
5390	114	12	728	769	0
5390	114	13	728	673	55
5390	114	14	528	563	0
5390	114	15	810	545	265
5390	114	16	707	568	139
5390	114	17	745	615	130
5390	114	18	644	518	126
5390	114	19	780	500	280
5390	114	20	1303	516	787
5390	114	21	1029	627	402
5390	114	22	590	1015	0
1384	37	7	827	814	13
1384	37	8	686	675	11
1384	37	9	602	813	0
1384	37	10	614	752	0
1384	37	11	811	563	248
1384	37	12	779	567	212
1384	37	13	902	561	341
1384	37	14	729	775	0
1384	37	15	625	803	0
1384	37	16	805	734	71
1384	37	17	830	588	242
1384	37	18	831	787	44
1384	37	19	793	642	151
1384	37	20	876	575	301
1384	37	21	876	624	252
1384	37	22	1256	952	304
1384	149	7	756	747	9
1384	149	8	777	911	0
1384	149	9	696	618	78
1384	149	10	707	686	21
1384	149	11	661	691	0
1384	149	12	737	651	86
1384	149	13	674	621	53
1384	149	14	728	692	36
1384	149	15	729	676	53
1384	149	16	553	542	11
1384	149	17	560	555	5
1384	149	18	703	601	102
1384	149	19	724	555	169
1384	149	20	624	561	63
1384	149	21	674	572	102
1384	149	22	679	959	0
2035	9	7	374	295	79
2035	9	8	471	380	91
2035	9	9	388	408	0
2035	9	10	534	451	83
2035	9	11	310	272	38
2035	9	12	298	270	28
2035	9	13	472	294	178
2035	9	14	497	278	219
2035	9	15	452	346	106
2035	9	16	536	473	63
2035	9	17	334	452	0
2035	9	18	362	293	69
2035	9	19	586	906	0
2035	9	20	726	640	86
2035	9	21	603	415	188
2035	9	22	658	673	0
2035	72	7	573	642	0
2035	72	8	625	675	0
2035	72	9	709	572	137
2035	72	10	783	703	80
2035	72	11	757	578	179
2035	72	12	623	722	0
2035	72	13	783	621	162
2035	72	14	814	729	85
2035	72	15	857	749	108
2035	72	16	676	584	92
2035	72	17	712	548	164
2035	72	18	770	703	67
2035	72	19	725	691	34
2035	72	20	915	820	95
2035	72	21	1200	906	294
2035	72	22	918	1208	0
3598	116	7	826	891	0
3598	116	8	753	620	133
3598	116	9	641	709	0
3598	116	10	620	642	0
3598	116	11	573	647	0
3598	116	12	693	541	152
3598	116	13	652	749	0
3598	116	14	718	697	21
3598	116	15	638	667	0
3598	116	16	570	696	0
3598	116	17	651	676	0
3598	116	18	737	635	102
3598	116	19	770	1021	0
3598	116	20	995	868	127
3598	116	21	1059	1152	0
3598	116	22	765	875	0
1125	6	7	450	587	0
1125	6	8	609	553	56
1125	6	9	379	369	10
1125	6	10	616	505	111
1125	6	11	408	477	0
1125	6	12	371	426	0
1125	6	13	490	468	22
1125	6	14	429	385	44
1125	6	15	584	560	24
1125	6	16	489	532	0
1125	6	17	452	450	2
1125	6	18	385	466	0
1125	6	19	349	469	0
1125	6	20	484	605	0
1125	6	21	958	776	182
1125	6	22	505	625	0
1125	18	7	467	711	0
1125	18	8	722	625	97
1125	18	9	836	443	393
1125	18	10	457	662	0
1125	18	11	587	720	0
1125	18	12	610	720	0
1125	18	13	777	652	125
1125	18	14	942	675	267
1125	18	15	747	762	0
1125	18	16	742	533	209
1125	18	17	748	639	109
1125	18	18	512	808	0
1125	18	19	1437	1290	147
1125	18	20	942	1080	0
1125	18	21	1304	878	426
1125	18	22	1111	747	364
1125	78	7	1187	1020	167
1125	78	8	732	626	106
1125	78	9	666	735	0
1125	78	10	725	653	72
1125	78	11	649	698	0
1125	78	12	662	718	0
1125	78	13	661	730	0
1125	78	14	669	663	6
1125	78	15	789	596	193
1125	78	16	793	706	87
1125	78	17	660	694	0
1125	78	18	739	661	78
1125	78	19	683	711	0
1125	78	20	798	921	0
1125	78	21	837	704	133
1125	78	22	1017	984	33
1125	148	7	875	648	227
1125	148	8	729	643	86
1125	148	9	570	612	0
1125	148	10	515	666	0
1125	148	11	724	641	83
1125	148	12	517	569	0
1125	148	13	516	698	0
1125	148	14	704	565	139
1125	148	15	689	696	0
1125	148	16	704	609	95
1125	148	17	564	662	0
1125	148	18	552	682	0
1125	148	19	631	623	8
1125	148	20	722	1137	0
1125	148	21	978	1098	0
1125	148	22	844	825	19
801	12	7	808	641	167
801	12	8	627	728	0
801	12	9	728	698	30
801	12	10	703	707	0
801	12	11	645	722	0
801	12	12	686	702	0
801	12	13	725	728	0
801	12	14	726	705	21
801	12	15	744	629	115
801	12	16	687	647	40
801	12	17	709	639	70
801	12	18	692	694	0
801	12	19	665	728	0
801	12	20	792	1141	0
801	12	21	1020	989	31
801	12	22	704	1211	0
3211	131	7	863	561	302
3211	131	8	674	545	129
3211	131	9	785	617	168
3211	131	10	583	873	0
3211	131	11	934	871	63
3211	131	12	619	688	0
3211	131	13	705	629	76
3211	131	14	946	715	231
3211	131	15	879	842	37
3211	131	16	670	690	0
3211	131	17	625	810	0
3211	131	18	770	876	0
3211	131	19	673	634	39
3211	131	20	1440	895	545
3211	131	21	1561	1133	428
3211	131	22	1642	1333	309
1080	106	7	493	560	0
1080	106	8	700	740	0
1080	106	9	769	654	115
1080	106	10	785	434	351
1080	106	11	652	611	41
1080	106	12	788	642	146
1080	106	13	875	598	277
1080	106	14	575	780	0
1080	106	15	550	479	71
1080	106	16	759	568	191
1080	106	17	580	603	0
1080	106	18	631	615	16
1080	106	19	732	598	134
1080	106	20	1161	787	374
1080	106	21	1025	1054	0
1080	106	22	885	695	190
1916	5	7	1263	1105	158
1916	5	8	686	681	5
1916	5	9	627	603	24
1916	5	10	601	699	0
1916	5	11	564	546	18
1916	5	12	672	514	158
1916	5	13	707	645	62
1916	5	14	615	560	55
1916	5	15	672	639	33
1916	5	16	597	541	56
1916	5	17	630	517	113
1916	5	18	658	590	68
1916	5	19	565	595	0
1916	5	20	520	578	0
1916	5	21	1215	1146	69
1916	5	22	1029	1043	0
4617	78	7	775	694	81
4617	78	8	649	771	0
4617	78	9	681	753	0
4617	78	10	487	582	0
4617	78	11	858	574	284
4617	78	12	822	645	177
4617	78	13	799	448	351
4617	78	14	717	688	29
4617	78	15	875	451	424
4617	78	16	457	547	0
4617	78	17	817	598	219
4617	78	18	786	538	248
4617	78	19	659	737	0
4617	78	20	911	896	15
4617	78	21	1234	736	498
4617	78	22	696	820	0
3749	106	7	813	582	231
3749	106	8	496	674	0
3749	106	9	692	549	143
3749	106	10	552	783	0
3749	106	11	754	706	48
3749	106	12	645	620	25
3749	106	13	524	596	0
3749	106	14	673	491	182
3749	106	15	511	591	0
3749	106	16	671	519	152
3749	106	17	656	673	0
3749	106	18	550	619	0
3749	106	19	546	744	0
3749	106	20	1124	1056	68
3749	106	21	1161	821	340
3749	106	22	748	780	0
5775	23	7	623	594	29
5775	23	8	424	418	6
5775	23	9	476	505	0
5775	23	10	506	525	0
5775	23	11	521	467	54
5775	23	12	517	411	106
5775	23	13	385	473	0
5775	23	14	384	452	0
5775	23	15	463	523	0
5775	23	16	436	337	99
5775	23	17	366	382	0
5775	23	18	400	447	0
5775	23	19	391	455	0
5775	23	20	431	756	0
5775	23	21	440	656	0
5775	23	22	822	742	80
2802	76	7	1155	1024	131
2802	76	8	855	810	45
2802	76	9	855	810	45
2802	76	10	855	810	45
2802	76	11	855	810	45
2802	76	12	855	810	45
2802	76	13	855	810	45
2802	76	14	855	810	45
2802	76	15	855	810	45
2802	76	16	855	810	45
2802	76	17	855	810	45
2802	76	18	855	810	45
2802	76	19	855	810	45
2802	76	20	855	810	45
2802	76	21	982	1486	0
2802	76	22	1174	925	249
2802	78	7	813	789	24
2802	78	8	479	444	35
2802	78	9	694	477	217
2802	78	10	768	629	139
2802	78	11	523	615	0
2802	78	12	545	621	0
2802	78	13	495	769	0
2802	78	14	548	698	0
2802	78	15	605	588	17
2802	78	16	863	450	413
2802	78	17	572	615	0
2802	78	18	785	512	273
2802	78	19	492	747	0
2802	78	20	937	751	186
2802	78	21	666	1085	0
2802	78	22	957	1042	0
1229	21	7	556	468	88
1229	21	8	294	352	0
1229	21	9	515	298	217
1229	21	10	368	356	12
1229	21	11	309	406	0
1229	21	12	430	406	24
1229	21	13	328	342	0
1229	21	14	348	313	35
1229	21	15	334	356	0
1229	21	16	306	390	0
1229	21	17	408	315	93
1229	21	18	442	288	154
1229	21	19	337	397	0
1229	21	20	350	336	14
1229	21	21	427	416	11
1229	21	22	580	328	252
1229	37	7	746	820	0
1229	37	8	570	646	0
1229	37	9	715	781	0
1229	37	10	596	697	0
1229	37	11	601	617	0
1229	37	12	736	543	193
1229	37	13	816	680	136
1229	37	14	875	725	150
1229	37	15	880	625	255
1229	37	16	882	813	69
1229	37	17	641	596	45
1229	37	18	814	808	6
1229	37	19	835	751	84
1229	37	20	844	566	278
1229	37	21	860	733	127
1229	37	22	1520	1436	84
1545	49	7	461	427	34
1545	49	8	464	445	19
1545	49	9	442	293	149
1545	49	10	378	469	0
1545	49	11	498	319	179
1545	49	12	301	391	0
1545	49	13	472	291	181
1545	49	14	332	290	42
1545	49	15	481	340	141
1545	49	16	514	414	100
1545	49	17	361	344	17
1545	49	18	293	350	0
1545	49	19	709	741	0
1545	49	20	839	452	387
1545	49	21	616	575	41
1545	49	22	364	794	0
1545	134	7	797	880	0
1545	134	8	619	721	0
1545	134	9	694	713	0
1545	134	10	667	481	186
1545	134	11	845	534	311
1545	134	12	514	726	0
1545	134	13	581	438	143
1545	134	14	659	756	0
1545	134	15	473	676	0
1545	134	16	577	758	0
1545	134	17	769	510	259
1545	134	18	694	760	0
1545	134	19	619	535	84
1545	134	20	833	1162	0
1545	134	21	1022	915	107
1545	134	22	1418	1445	0
3150	117	7	580	496	84
3150	117	8	648	581	67
3150	117	9	550	603	0
3150	117	10	669	512	157
3150	117	11	640	538	102
3150	117	12	590	625	0
3150	117	13	607	552	55
3150	117	14	528	545	0
3150	117	15	545	602	0
3150	117	16	669	565	104
3150	117	17	667	507	160
3150	117	18	625	508	117
3150	117	19	565	575	0
3150	117	20	615	488	127
3150	117	21	595	611	0
3150	117	22	593	529	64
3662	148	7	857	871	0
3662	148	8	680	521	159
3662	148	9	563	651	0
3662	148	10	645	502	143
3662	148	11	550	606	0
3662	148	12	578	609	0
3662	148	13	573	486	87
3662	148	14	598	559	39
3662	148	15	660	505	155
3662	148	16	603	488	115
3662	148	17	713	683	30
3662	148	18	687	695	0
3662	148	19	660	539	121
3662	148	20	716	974	0
3662	148	21	933	706	227
3662	148	22	576	669	0
999	28	7	260	356	0
999	28	8	265	410	0
999	28	9	255	271	0
999	28	10	349	268	81
999	28	11	261	230	31
999	28	12	290	386	0
999	28	13	300	364	0
999	28	14	386	241	145
999	28	15	426	358	68
999	28	16	437	374	63
999	28	17	370	374	0
999	28	18	437	398	39
999	28	19	272	256	16
999	28	20	729	562	167
999	28	21	802	496	306
999	28	22	597	685	0
3449	160	7	781	892	0
3449	160	8	754	926	0
3449	160	9	874	836	38
3449	160	10	839	652	187
3449	160	11	951	658	293
3449	160	12	835	881	0
3449	160	13	970	922	48
3449	160	14	924	770	154
3449	160	15	833	787	46
3449	160	16	854	843	11
3449	160	17	954	805	149
3449	160	18	874	916	0
3449	160	19	856	823	33
3449	160	20	822	886	0
3449	160	21	1334	1204	130
3449	160	22	1138	1261	0
3449	161	7	559	685	0
3449	161	8	534	401	133
3449	161	9	462	729	0
3449	161	10	512	435	77
3449	161	11	549	555	0
3449	161	12	585	536	49
3449	161	13	698	410	288
3449	161	14	694	553	141
3449	161	15	432	499	0
3449	161	16	579	592	0
3449	161	17	750	562	188
3449	161	18	477	561	0
3449	161	19	810	828	0
3449	161	20	1190	645	545
3449	161	21	1318	1224	94
3449	161	22	902	1046	0
3116	114	7	736	527	209
3116	114	8	709	473	236
3116	114	9	504	704	0
3116	114	10	730	638	92
3116	114	11	579	698	0
3116	114	12	768	514	254
3116	114	13	654	534	120
3116	114	14	741	683	58
3116	114	15	789	619	170
3116	114	16	783	543	240
3116	114	17	847	743	104
3116	114	18	651	505	146
3116	114	19	764	496	268
3116	114	20	1380	829	551
3116	114	21	936	1037	0
3116	114	22	1037	573	464
3116	146	7	1028	871	157
3116	146	8	523	483	40
3116	146	9	443	442	1
3116	146	10	443	366	77
3116	146	11	503	517	0
3116	146	12	419	352	67
3116	146	13	399	501	0
3116	146	14	430	374	56
3116	146	15	508	513	0
3116	146	16	561	381	180
3116	146	17	473	354	119
3116	146	18	473	539	0
3116	146	19	549	386	163
3116	146	20	984	331	653
3116	146	21	990	362	628
3116	146	22	966	622	344
4182	108	7	1205	985	220
4182	108	8	1201	1200	1
4182	108	9	1179	1229	0
4182	108	10	1261	1007	254
4182	108	11	1248	1083	165
4182	108	12	1054	989	65
4182	108	13	1192	1148	44
4182	108	14	1189	1016	173
4182	108	15	1168	1113	55
4182	108	16	1053	1203	0
4182	108	17	1045	1153	0
4182	108	18	1305	1075	230
4182	108	19	1072	1038	34
4182	108	20	1254	1239	15
4182	108	21	1752	1340	412
4182	108	22	1545	1090	455
4182	118	7	511	788	0
4182	118	8	496	497	0
4182	118	9	508	381	127
4182	118	10	436	558	0
4182	118	11	580	544	36
4182	118	12	601	390	211
4182	118	13	599	521	78
4182	118	14	527	580	0
4182	118	15	423	570	0
4182	118	16	643	529	114
4182	118	17	598	512	86
4182	118	18	546	581	0
4182	118	19	399	519	0
4182	118	20	416	523	0
4182	118	21	422	536	0
4182	118	22	766	710	56
1480	121	7	721	643	78
1480	121	8	1030	736	294
1480	121	9	769	681	88
1480	121	10	783	704	79
1480	121	11	708	826	0
1480	121	12	731	635	96
1480	121	13	729	825	0
1480	121	14	733	864	0
1480	121	15	873	952	0
1480	121	16	920	835	85
1480	121	17	700	710	0
1480	121	18	1012	745	267
1480	121	19	860	744	116
1480	121	20	973	910	63
1480	121	21	1470	1152	318
1480	121	22	768	879	0
1480	138	7	686	633	53
1480	138	8	850	701	149
1480	138	9	792	608	184
1480	138	10	900	817	83
1480	138	11	806	627	179
1480	138	12	590	735	0
1480	138	13	902	809	93
1480	138	14	691	546	145
1480	138	15	724	640	84
1480	138	16	976	649	327
1480	138	17	848	706	142
1480	138	18	931	561	370
1480	138	19	816	778	38
1480	138	20	872	841	31
1480	138	21	716	818	0
1480	138	22	742	712	30
2398	44	7	757	574	183
2398	44	8	650	498	152
2398	44	9	508	526	0
2398	44	10	608	457	151
2398	44	11	628	619	9
2398	44	12	527	620	0
2398	44	13	570	435	135
2398	44	14	618	515	103
2398	44	15	604	512	92
2398	44	16	584	483	101
2398	44	17	531	541	0
2398	44	18	656	580	76
2398	44	19	540	484	56
2398	44	20	1018	947	71
2398	44	21	949	804	145
2398	44	22	767	754	13
5798	177	7	593	552	41
5798	177	8	737	873	0
5798	177	9	751	837	0
5798	177	10	916	842	74
5798	177	11	927	763	164
5798	177	12	965	856	109
5798	177	13	862	874	0
5798	177	14	875	776	99
5798	177	15	823	857	0
5798	177	16	799	874	0
5798	177	17	835	861	0
5798	177	18	798	858	0
5798	177	19	963	779	184
5798	177	20	1246	869	377
5798	177	21	1124	1149	0
5798	177	22	1204	1129	75
4509	106	7	837	780	57
4509	106	8	762	725	37
4509	106	9	846	544	302
4509	106	10	529	552	0
4509	106	11	582	772	0
4509	106	12	493	780	0
4509	106	13	539	680	0
4509	106	14	761	496	265
4509	106	15	624	702	0
4509	106	16	722	542	180
4509	106	17	709	767	0
4509	106	18	466	453	13
4509	106	19	512	728	0
4509	106	20	841	887	0
4509	106	21	888	675	213
4509	106	22	1053	1128	0
4509	140	7	575	662	0
4509	140	8	587	708	0
4509	140	9	592	663	0
4509	140	10	792	713	79
4509	140	11	807	754	53
4509	140	12	810	488	322
4509	140	13	577	732	0
4509	140	14	642	619	23
4509	140	15	762	761	1
4509	140	16	795	527	268
4509	140	17	567	751	0
4509	140	18	524	757	0
4509	140	19	696	492	204
4509	140	20	1059	1043	16
4509	140	21	883	1208	0
4509	140	22	1217	997	220
3459	161	7	735	618	117
3459	161	8	763	628	135
3459	161	9	760	584	176
3459	161	10	662	462	200
3459	161	11	586	572	14
3459	161	12	699	700	0
3459	161	13	611	462	149
3459	161	14	575	725	0
3459	161	15	750	432	318
3459	161	16	609	526	83
3459	161	17	410	398	12
3459	161	18	751	604	147
3459	161	19	1331	1061	270
3459	161	20	1018	994	24
3459	161	21	1546	975	571
3459	161	22	1502	767	735
1995	8	7	615	613	2
1995	8	8	642	509	133
1995	8	9	528	539	0
1995	8	10	534	623	0
1995	8	11	627	621	6
1995	8	12	614	676	0
1995	8	13	652	553	99
1995	8	14	599	572	27
1995	8	15	597	605	0
1995	8	16	608	509	99
1995	8	17	544	674	0
1995	8	18	696	642	54
1995	8	19	800	888	0
1995	8	20	819	848	0
1995	8	21	860	682	178
1995	8	22	934	843	91
6	161	7	410	457	0
6	161	8	746	540	206
6	161	9	705	626	79
6	161	10	481	724	0
6	161	11	762	738	24
6	161	12	756	393	363
6	161	13	609	578	31
6	161	14	809	561	248
6	161	15	714	589	125
6	161	16	771	474	297
6	161	17	741	451	290
6	161	18	688	560	128
6	161	19	1193	706	487
6	161	20	629	848	0
6	161	21	1006	722	284
6	161	22	1255	1251	4
411	43	7	1254	958	296
411	43	8	583	569	14
411	43	9	796	551	245
411	43	10	619	720	0
411	43	11	732	774	0
411	43	12	765	517	248
411	43	13	528	676	0
411	43	14	609	713	0
411	43	15	559	537	22
411	43	16	589	701	0
411	43	17	630	772	0
411	43	18	830	615	215
411	43	19	809	533	276
411	43	20	683	739	0
411	43	21	836	569	267
411	43	22	947	1052	0
411	120	7	964	975	0
411	120	8	687	776	0
411	120	9	624	938	0
411	120	10	617	750	0
411	120	11	666	641	25
411	120	12	649	647	2
411	120	13	666	673	0
411	120	14	713	672	41
411	120	15	614	673	0
411	120	16	683	687	0
411	120	17	627	751	0
411	120	18	640	586	54
411	120	19	760	579	181
411	120	20	1478	1068	410
411	120	21	782	941	0
411	120	22	1239	907	332
1055	100	7	1065	1411	0
1055	100	8	861	862	0
1055	100	9	928	872	56
1055	100	10	926	869	57
1055	100	11	915	878	37
1055	100	12	874	877	0
1055	100	13	922	873	49
1055	100	14	925	875	50
1055	100	15	905	863	42
1055	100	16	864	859	5
1055	100	17	871	827	44
1055	100	18	882	882	0
1055	100	19	915	853	62
1055	100	20	908	848	60
1055	100	21	901	849	52
1055	100	22	903	838	65
1055	140	7	664	694	0
1055	140	8	787	525	262
1055	140	9	688	755	0
1055	140	10	520	521	0
1055	140	11	727	583	144
1055	140	12	601	711	0
1055	140	13	682	638	44
1055	140	14	736	629	107
1055	140	15	523	504	19
1055	140	16	616	556	60
1055	140	17	710	522	188
1055	140	18	727	509	218
1055	140	19	571	695	0
1055	140	20	1108	1154	0
1055	140	21	1075	1009	66
1055	140	22	1274	1116	158
1270	30	7	938	796	142
1270	30	8	398	446	0
1270	30	9	390	528	0
1270	30	10	427	362	65
1270	30	11	357	440	0
1270	30	12	531	361	170
1270	30	13	437	519	0
1270	30	14	372	488	0
1270	30	15	586	357	229
1270	30	16	468	358	110
1270	30	17	486	412	74
1270	30	18	362	416	0
1270	30	19	428	432	0
1270	30	20	493	332	161
1270	30	21	1086	998	88
1270	30	22	708	900	0
